datapath   port   port-speed(B/s)
01          1        5823.4
01          2          59.9
01          3        3515.0
01          4        1377.2
01          5        2697.6
01          6        1757.5

02          1        3522.0
02          2        3147.0

03          1        3143.9
03          2        2826.2

04          1        2705.7
04          2        2264.3

05          1        2264.3
05          2        1699.7

06          1        1638.3
06          2        1382.8

07          1        2829.0
07          2        1380.0
07          3        1380.0
07          4        1380.0
07          5          60.0

08          1        1761.0
08          2        1380.0

datapath   port   port-speed(B/s)
01          1       53027.0
01          2          59.9
01          3       49394.6
01          4        1378.6
01          5        3143.9
01          6        2008.0

02          1       49345.3
02          2       48842.3

03          1       48891.1
03          2       48534.5

04          1        3140.7
04          2        2574.9

05          1        2574.9
05          2        2006.0

06          1        2004.0
06          2        1375.9

07          1       48534.5
07          2        1378.6
07          3        1378.6
07          4        1378.6
07          5       45780.2

08          1        2004.0
08          2        1375.9

datapath   port   port-speed(B/s)
01          1      426516.5
01          2          59.8
01          3      319531.4
01          4        1375.9
01          5        3260.2
01          6        2073.8

02          1      322163.3
02          2      283060.8

03          1      283343.0
03          2      246759.0

04          1        3253.7
04          2        2696.5

05          1        2696.5
05          2        2000.0

06          1        2002.0
06          2        1314.7

07          1      246759.0
07          2        1374.5
07          3        1314.7
07          4        1252.0
07          5      229205.2

08          1        2069.7
08          2        1250.7

datapath   port   port-speed(B/s)
01          1      1065310.0
01          2           0.0
01          3      737835.2
01          4        1380.0
01          5        3207.0
01          6        2010.0

02          1      735611.0
02          2      737662.0

03          1      736925.1
03          2      734805.0

04          1        3210.2
04          2        2579.6

05          1        2579.6
05          2        2012.0

06          1        2012.0
06          2        1321.3

07          1      737767.0
07          2        1380.0
07          3        1320.0
07          4        1380.0
07          5      733232.0

08          1        2014.0
08          2        1382.8

datapath   port   port-speed(B/s)
01          1      1090945.1
01          2          59.9
01          3      754434.0
01          4        1388.6
01          5        3266.7
01          6        2015.0

02          1      753680.3
02          2      753236.8

03          1      753236.8
03          2      755566.4

04          1        3266.7
04          2        2637.4

05          1        2637.4
05          2        1948.1

06          1        1948.1
06          2        1378.6

07          1      752607.4
07          2        1388.6
07          3        1378.6
07          4        1318.7
07          5      750913.1

08          1        2015.0
08          2        1318.7

datapath   port   port-speed(B/s)
01          1      796742.5
01          2          59.9
01          3      752931.1
01          4        1317.4
01          5        3263.5
01          6        2006.0

02          1      753683.3
02          2      756327.7

03          1      753302.7
03          2      752673.3

04          1        3266.7
04          2        2577.4

05          1        2577.4
05          2        2008.0

06          1        2008.0
06          2        1378.6

07          1      752673.3
07          2        1318.7
07          3        1378.6
07          4        1378.6
07          5      751045.0

08          1        2008.0
08          2        1378.6

datapath   port   port-speed(B/s)
01          1      797023.0
01          2          60.0
01          3      754758.0
01          4        1380.0
01          5        3210.0
01          6        1950.0

02          1      756963.0
02          2      753434.6

03          1      756459.5
03          2      752805.2

04          1        3206.8
04          2        2637.4

05          1        2637.4
05          2        2008.0

06          1        2008.0
06          2        1378.6

07          1      752871.1
07          2        1378.6
07          3        1378.6
07          4        1378.6
07          5      749598.4

08          1        1948.1
08          2        1378.6

datapath   port   port-speed(B/s)
01          1      791626.4
01          2          59.9
01          3      756564.4
01          4        1378.6
01          5        3266.7
01          6        1948.1

02          1      753605.4
02          2      752913.1

03          1      752913.1
03          2      752409.6

04          1        3266.7
04          2        2637.4

05          1        2637.4
05          2        2008.0

06          1        2008.0
06          2        1378.6

07          1      755302.7
07          2        1378.6
07          3        1378.6
07          4        1378.6
07          5      749011.0

08          1        1948.1
08          2        1378.6

datapath   port   port-speed(B/s)
01          1      793129.5
01          2         262.0
01          3      752797.8
01          4        1778.9
01          5        3538.8
01          6        2343.6

02          1      752863.5
02          2      753064.7

03          1      753814.7
03          2      756012.0

04          1        3598.0
04          2        3030.8

05          1        3027.8
05          2        2341.9

06          1        2341.9
06          2        1775.3

07          1      752312.4
07          2        1777.1
07          3        1777.1
07          4        1777.1
07          5      748976.1

08          1        2343.6
08          2        1778.9

datapath   port   port-speed(B/s)
01          1      797513.9
01          2          59.8
01          3      755488.0
01          4        1374.5
01          5        3257.0
01          6        2002.0

02          1      755488.0
02          2      754035.9

03          1      753284.9
03          2      749766.9

04          1        3194.2
04          2        2569.7

05          1        2572.3
05          2        2002.0

06          1        2002.0
06          2        1374.5

07          1      752717.1
07          2        1374.5
07          3        1374.5
07          4        1374.5
07          5      751027.9

08          1        2002.0
08          2        1374.5

datapath   port   port-speed(B/s)
01          1      795293.1
01          2          59.8
01          3      750959.2
01          4        1375.9
01          5        3257.0
01          6        2004.0

02          1      753843.6
02          2      753344.6

03          1      754029.9
03          2      753342.0

04          1        3260.2
04          2        2632.1

05          1        2629.5
05          2        2004.0

06          1        2004.0
06          2        1256.2

07          1      750454.6
07          2        1375.9
07          3        1256.2
07          4        1316.1
07          5      747314.1

08          1        2004.0
08          2        1316.1

datapath   port   port-speed(B/s)
01          1      792398.0
01          2           0.0
01          3      753912.4
01          4        1373.1
01          5        3257.0
01          6        2000.0

02          1      753912.4
02          2      753344.6

03          1      751892.2
03          2      754219.6

04          1        3253.7
04          2        2626.9

05          1        2629.5
05          2        1879.5

06          1        1879.5
06          2        1374.5

07          1      752717.1
07          2        1374.5
07          3        1374.5
07          4        1314.7
07          5      749519.9

08          1        1996.0
08          2        1310.8

datapath   port   port-speed(B/s)
01          1      805018.0
01          2          59.9
01          3      755414.2
01          4        1194.6
01          5        3263.5
01          6        2006.0

02          1      752458.1
02          2      751763.5

03          1      752532.3
03          2      751968.2

04          1        3266.7
04          2        2637.4

05          1        2634.7
05          2        2006.0

06          1        2006.0
06          2        1377.2

07          1      752651.4
07          2        1255.0
07          3        1374.5
07          4        1374.5
07          5      749519.9

08          1        2008.0
08          2        1378.6

datapath   port   port-speed(B/s)
01          1      850554.8
01          2         129.5
01          3      753783.9
01          4        1313.1
01          5        3071.7
01          6        1879.5

02          1      753849.6
02          2      753219.1

03          1      753970.1
03          2      753467.6

04          1        3131.3
04          2        2567.2

05          1        2569.7
05          2        2002.0

06          1        2002.0
06          2        1374.5

07          1      754219.6
07          2        1251.5
07          3        1377.2
07          4        1377.2
07          5      750950.1

08          1        1883.2
08          2        1377.2

datapath   port   port-speed(B/s)
01          1      888355.9
01          2          59.8
01          3      754598.2
01          4        1374.5
01          5        3197.4
01          6        2004.0

02          1      754598.2
02          2      754035.9

03          1      753284.9
03          2      749704.2

04          1        3197.4
04          2        2632.1

05          1        2632.1
05          2        2004.0

06          1        2002.0
06          2        1374.5

07          1      752654.4
07          2        1374.5
07          3        1374.5
07          4        1374.5
07          5      749460.2

08          1        2002.0
08          2        1374.5

datapath   port   port-speed(B/s)
01          1      918603.6
01          2          59.8
01          3      750959.2
01          4        1375.9
01          5        3197.2
01          6        1942.2

02          1      753843.6
02          2      753344.6

03          1      754095.7
03          2      753467.6

04          1        3134.5
04          2        2629.5

05          1        2629.5
05          2        1942.2

06          1        1944.2
06          2        1375.9

07          1      753467.6
07          2        1375.9
07          3        1375.9
07          4        1375.9
07          5      750267.2

08          1        1944.2
08          2        1375.9

datapath   port   port-speed(B/s)
01          1      940191.4
01          2          59.8
01          3      756047.9
01          4        1374.5
01          5        3260.2
01          6        2004.0

02          1      753094.7
02          2      752592.2

03          1      752526.4
03          2      753342.0

04          1        3260.2
04          2        2509.5

05          1        2509.5
05          2        2004.0

06          1        2004.0
06          2        1374.5

07          1      750454.6
07          2        1375.9
07          3        1375.9
07          4        1375.9
07          5      747248.3

08          1        2002.0
08          2        1374.5

datapath   port   port-speed(B/s)
01          1      992358.6
01          2          59.8
01          3      752338.6
01          4        1374.5
01          5        3257.0
01          6        2002.0

02          1      752338.6
02          2      753344.6

03          1      753344.6
03          2      752717.1

04          1        3257.0
04          2        2629.5

05          1        2629.5
05          2        2002.0

06          1        2002.0
06          2        1255.0

07          1      752651.4
07          2        1374.5
07          3        1192.2
07          4        1314.7
07          5      749519.9

08          1        2002.0
08          2        1314.7

datapath   port   port-speed(B/s)
01          1      1003675.0
01          2           0.0
01          3      754598.2
01          4        1375.9
01          5        3260.2
01          6        2004.0

02          1      754598.2
02          2      754029.9

03          1      753344.6
03          2      752657.4

04          1        3260.2
04          2        2569.3

05          1        2569.3
05          2        2004.0

06          1        2002.0
06          2        1313.1

07          1      752657.4
07          2        1374.5
07          3        1374.5
07          4        1314.7
07          5      749519.9

08          1        2004.0
08          2        1316.1

datapath   port   port-speed(B/s)
01          1      1023479.5
01          2          59.9
01          3      753089.9
01          4        1318.7
01          5        3266.7
01          6        2008.0

02          1      753843.0
02          2      753465.0

03          1      753465.0
03          2      752772.0

04          1        3273.3
04          2        2579.6

05          1        2579.6
05          2        1888.9

06          1        1890.8
06          2        1319.6

07          1      753525.5
07          2        1321.3
07          3        1318.3
07          4        1381.4
07          5      750438.4

08          1        2010.0
08          2        1380.0

datapath   port   port-speed(B/s)
01          1      1116719.3
01          2          59.9
01          3      755983.0
01          4        1318.7
01          5        3266.7
01          6        2008.0

02          1      755983.0
02          2      752577.4

03          1      752577.4
03          2      752014.0

04          1        3263.5
04          2        2574.9

05          1        2574.9
05          2        2006.0

06          1        2006.0
06          2        1377.2

07          1      751263.5
07          2        1317.4
07          3        1377.2
07          4        1377.2
07          5      748059.9

08          1        2008.0
08          2        1378.6

datapath   port   port-speed(B/s)
01          1      1251748.3
01          2          59.9
01          3      738581.4
01          4      938639.4
01          5        3206.8
01          6        1948.1

02          1      738581.4
02          2      737223.8

03          1      737223.8
03          2      738640.4

04          1        3210.0
04          2        2710.0

05          1        2710.0
05          2        2010.0

06          1        2008.0
06          2        1448.6

07          1      739379.0
07          2      939578.0
07          3        1450.0
07          4        1380.0
07          5      1212752.0

08          1        1948.1
08          2        1378.6

datapath   port   port-speed(B/s)
01          1      1265452.2
01          2          59.8
01          3      735867.5
01          4      1015338.6
01          5        3257.0
01          6        1942.2

02          1      735135.3
02          2      737581.1

03          1      738315.7
03          2      734860.6

04          1        3250.5
04          2        2624.3

05          1        2624.3
05          2        1998.0

06          1        2000.0
06          2        1371.8

07          1      734129.4
07          2      1017275.6
07          3        1373.1
07          4        1310.4
07          5      1257389.1

08          1        1940.3
08          2        1310.4

datapath   port   port-speed(B/s)
01          1      955956.2
01          2          59.8
01          3      734485.1
01          4      1015278.9
01          5        3197.2
01          6        2002.0

02          1      737435.3
02          2      735488.0

03          1      735488.0
03          2      734800.8

04          1        3197.2
04          2        2629.5

05          1        2629.5
05          2        1942.2

06          1        1942.2
06          2        1375.9

07          1      734800.8
07          2      1015278.9
07          3        1374.5
07          4        1374.5
07          5      1257121.5

08          1        2004.0
08          2        1374.5

datapath   port   port-speed(B/s)
01          1      104871.4
01          2          59.8
01          3      563486.5
01          4      519448.1
01          5        3260.2
01          6        2004.0

02          1      560533.4
02          2      594345.0

03          1      594345.0
03          2      630723.8

04          1        3263.5
04          2        2574.9

05          1        2572.3
05          2        2004.0

06          1        2004.0
06          2        1316.1

07          1      630723.8
07          2      515977.1
07          3        1316.1
07          4        1375.9
07          5      1256662.0

08          1        2004.0
08          2        1317.4

datapath   port   port-speed(B/s)
01          1      112240.8
01          2           0.0
01          3        2626.9
01          4      105632.2
01          5        3253.7
01          6        2000.0

02          1        2624.3
02          2        1998.0

03          1        1998.0
03          2        1312.1

04          1        3250.5
04          2        2624.3

05          1        2626.9
05          2        2000.0

06          1        1998.0
06          2        1312.1

07          1        1316.1
07          2      105948.2
07          3        1316.1
07          4        1316.1
07          5      1259736.8

08          1        1998.0
08          2        1371.8

datapath   port   port-speed(B/s)
01          1       47055.8
01          2          59.8
01          3        2629.5
01          4       42862.5
01          5        3257.0
01          6        2002.0

02          1        2632.1
02          2        2004.0

03          1        2002.0
03          2        1374.5

04          1        3257.0
04          2        2629.5

05          1        2629.5
05          2        1942.2

06          1        1942.2
06          2        1374.5

07          1        1370.4
07          2       42734.9
07          3        1370.4
07          4        1310.8
07          5      220732.9

08          1        2002.0
08          2        1314.7

datapath   port   port-speed(B/s)
01          1        8267.2
01          2          59.8
01          3        2572.3
01          4        3140.6
01          5        3260.2
01          6        2004.0

02          1        2572.3
02          2        2004.0

03          1        2004.0
03          2        1375.9

04          1        3260.2
04          2        2572.3

05          1        2572.3
05          2        2004.0

06          1        2006.0
06          2        1377.2

07          1        1380.0
07          2        3146.9
07          3        1378.6
07          4        1380.0
07          5          59.9

08          1        2004.0
08          2        1375.9

datapath   port   port-speed(B/s)
01          1        8204.4
01          2          59.8
01          3        2509.5
01          4        3260.2
01          5        3200.4
01          6        1944.2

02          1        2509.5
02          2        2004.0

03          1        2004.0
03          2        1375.9

04          1        3200.4
04          2        2632.1

05          1        2629.5
05          2        2002.0

06          1        2002.0
06          2        1374.5

07          1        1371.8
07          2        3253.7
07          3        1373.1
07          4        1371.8
07          5          59.7

08          1        1944.2
08          2        1375.9

datapath   port   port-speed(B/s)
01          1        8221.0
01          2          59.5
01          3        2678.9
01          4        3240.8
01          5        3240.8
01          6        1992.1

02          1        2678.9
02          2        1932.6

03          1        1932.6
03          2        1367.7

04          1        3240.8
04          2        2616.5

05          1        2619.0
05          2        1994.0

06          1        1992.1
06          2        1367.7

07          1        1378.6
07          2        3266.7
07          3        1378.6
07          4        1378.6
07          5           0.0

08          1        1992.1
08          2        1367.7

datapath   port   port-speed(B/s)
01          1        7921.9
01          2          60.1
01          3        2579.6
01          4        3273.3
01          5        3213.2
01          6        1952.0

02          1        2579.6
02          2        2012.0

03          1        2014.0
03          2        1382.8

04          1        3213.2
04          2        2642.6

05          1        2642.6
05          2        1888.9

06          1        1890.8
06          2        1382.8

07          1        1371.8
07          2        3250.5
07          3        1371.8
07          4        1371.8
07          5          59.6

08          1        1948.1
08          2        1378.6

datapath   port   port-speed(B/s)
01          1        8212.6
01          2          59.9
01          3        2634.7
01          4        3263.5
01          5        3200.6
01          6        2006.0

02          1        2634.7
02          2        1946.1

03          1        1942.2
03          2        1314.7

04          1        3203.8
04          2        2514.5

05          1        2514.5
05          2        2006.0

06          1        2006.0
06          2        1377.2

07          1        1314.7
07          2        3257.0
07          3        1374.5
07          4        1374.5
07          5          59.8

08          1        2006.0
08          2        1377.2

datapath   port   port-speed(B/s)
01          1        8196.2
01          2          59.8
01          3        2629.5
01          4        3194.2
01          5        3257.0
01          6        2002.0

02          1        2629.5
02          2        2002.0

03          1        2004.0
03          2        1375.9

04          1        3253.7
04          2        2626.9

05          1        2626.9
05          2        2002.0

06          1        2000.0
06          2        1253.7

07          1        1375.9
07          2        3197.4
07          3        1256.2
07          4        1316.1
07          5          59.8

08          1        2006.0
08          2        1317.4

datapath   port   port-speed(B/s)
01          1        8149.7
01          2           0.0
01          3        2634.7
01          4        3263.5
01          5        3263.5
01          6        1943.1

02          1        2634.7
02          2        2006.0

03          1        2008.0
03          2        1318.7

04          1        3263.5
04          2        2634.7

05          1        2634.7
05          2        1943.1

06          1        1945.1
06          2        1378.6

07          1        1318.7
07          2        3266.7
07          3        1378.6
07          4        1255.7
07          5          59.9

08          1        1943.1
08          2        1254.5

datapath   port   port-speed(B/s)
01          1        8220.8
01          2          59.9
01          3        2514.5
01          4        3146.9
01          5        3266.7
01          6        1945.1

02          1        2514.5
02          2        2008.0

03          1        2008.0
03          2        1378.6

04          1        3270.0
04          2        2640.0

05          1        2640.0
05          2        1950.0

06          1        1950.0
06          2        1380.0

07          1        1378.6
07          2        3146.9
07          3        1378.6
07          4        1378.6
07          5          59.9

08          1        1945.1
08          2        1378.6

datapath   port   port-speed(B/s)
01          1        8259.0
01          2          59.8
01          3        2569.7
01          4        3194.2
01          5        3134.5
01          6        2002.0

02          1        2569.7
02          2        2002.0

03          1        2002.0
03          2        1374.5

04          1        3194.0
04          2        2567.2

05          1        2567.2
05          2        2000.0

06          1        1998.0
06          2        1371.8

07          1        1374.5
07          2        3257.0
07          3        1374.5
07          4        1374.5
07          5          59.8

08          1        2002.0
08          2        1374.5

datapath   port   port-speed(B/s)
01          1        8207.4
01          2          59.8
01          3        2632.1
01          4        3260.2
01          5        3197.4
01          6        1881.4

02          1        2632.1
02          2        2004.0

03          1        2002.0
03          2        1374.5

04          1        3134.6
04          2        2632.1

05          1        2632.1
05          2        2004.0

06          1        2004.0
06          2        1375.9

07          1        1374.5
07          2        3194.2
07          3        1374.5
07          4        1374.5
07          5          59.8

08          1        1881.4
08          2        1375.9

datapath   port   port-speed(B/s)
01          1        8337.0
01          2          59.8
01          3        2701.9
01          4        3260.2
01          5        3330.0
01          6        1944.2

02          1        2701.9
02          2        2012.0

03          1        1951.1
03          2        1375.9

04          1        3330.0
04          2        2632.1

05          1        2629.5
05          2        1942.2

06          1        1944.2
06          2        1375.9

07          1        1375.9
07          2        3260.2
07          3        1375.9
07          4        1375.9
07          5          69.8

08          1        1944.2
08          2        1375.9

datapath   port   port-speed(B/s)
01          1       19066.8
01          2          59.8
01          3        2629.5
01          4       14370.9
01          5        3197.2
01          6        2004.0

02          1        2632.1
02          2        1941.2

03          1        2004.0
03          2        1316.1

04          1        3200.4
04          2        2572.3

05          1        2574.9
05          2        2006.0

06          1        2004.0
06          2        1375.9

07          1        1316.1
07          2       14370.9
07          3        1375.9
07          4        1375.9
07          5       11170.5

08          1        2004.0
08          2        1375.9

datapath   port   port-speed(B/s)
01          1      691312.1
01          2          59.8
01          3        2634.7
01          4      574109.7
01          5        3263.5
01          6        2004.0

02          1        2634.7
02          2        1885.1

03          1        1944.2
03          2        1375.9

04          1        3266.7
04          2        2637.4

05          1        2637.4
05          2        2008.0

06          1        2008.0
06          2        1318.7

07          1        1377.2
07          2      574745.5
07          3        1317.4
07          4        1317.4
07          5      551966.1

08          1        2004.0
08          2        1316.1

datapath   port   port-speed(B/s)
01          1      1204944.2
01          2           0.0
01          3        2569.3
01          4      1001822.5
01          5        3197.4
01          6        2004.0

02          1        2566.7
02          2        2002.0

03          1        1941.2
03          2        1316.1

04          1        3253.7
04          2        2626.9

05          1        2626.9
05          2        2000.0

06          1        2000.0
06          2        1313.4

07          1        1314.7
07          2      1003712.2
07          3        1314.7
07          4        1374.5
07          5      1002270.9

08          1        2004.0
08          2        1375.9

datapath   port   port-speed(B/s)
01          1      600499.0
01          2          59.8
01          3        2629.5
01          4      356896.4
01          5      233426.3
01          6        2002.0

02          1        2629.5
02          2        2002.0

03          1        2004.0
03          2        1375.9

04          1      233441.2
04          2      227977.1

05          1      227977.1
05          2      218657.4

06          1      221828.5
06          2      212696.9

07          1        1375.9
07          2      354299.1
07          3      212696.9
07          4        1316.1
07          5      574339.0

08          1        2004.0
08          2        1314.7

datapath   port   port-speed(B/s)
01          1      239101.6
01          2          59.8
01          3        2569.7
01          4        1314.7
01          5      261375.5
01          6        2002.0

02          1        2569.7
02          2        2002.0

03          1        2002.0
03          2        1374.5

04          1      261297.8
04          2      259727.1

05          1      259727.1
05          2      259174.3

06          1      256224.1
06          2      258469.1

07          1        1374.5
07          2        1314.7
07          3      258469.1
07          4        1374.5
07          5      255334.7

08          1        2002.0
08          2        1374.5

datapath   port   port-speed(B/s)
01          1      274495.0
01          2          59.8
01          3        2572.3
01          4        1377.2
01          5      255846.5
01          6        1946.1

02          1        2572.3
02          2        2004.0

03          1        2004.0
03          2        1375.9

04          1      256167.7
04          2      254727.8

05          1      254727.8
05          2      255375.9

06          1      255375.9
06          2      253148.6

07          1        1375.9
07          2        1375.9
07          3      253148.6
07          4        1375.9
07          5      251302.1

08          1        1944.2
08          2        1377.2

datapath   port   port-speed(B/s)
01          1      290705.2
01          2          59.8
01          3        2632.1
01          4        1374.5
01          5      254213.4
01          6        1942.2

02          1        2632.1
02          2        1944.2

03          1        1944.2
03          2        1375.9

04          1      253894.4
04          2      252270.2

05          1      252270.2
05          2      253346.0

06          1      253093.6
06          2      254039.8

07          1        1375.9
07          2        1375.9
07          3      252469.1
07          4        1375.9
07          5      248211.4

08          1        1942.2
08          2        1374.5

datapath   port   port-speed(B/s)
01          1      288370.9
01          2          59.8
01          3        2632.1
01          4        1375.9
01          5      254021.9
01          6        2004.0

02          1        2632.1
02          2        2004.0

03          1        2002.0
03          2        1314.7

04          1      255531.4
04          2      256406.8

05          1      256406.8
05          2      252825.5

06          1      252825.5
06          2      252260.2

07          1        1314.7
07          2        1374.5
07          3      253769.7
07          4        1374.5
07          5      250316.7

08          1        2004.0
08          2        1375.9

datapath   port   port-speed(B/s)
01          1      276558.3
01          2          59.8
01          3        2566.7
01          4        1375.9
01          5      255399.4
01          6        2004.0

02          1        2566.7
02          2        1879.5

03          1        1881.4
03          2        1250.2

04          1      254144.6
04          2      252075.8

05          1      251824.7
05          2      254272.9

06          1      254526.4
06          2      250693.9

07          1        1250.2
07          2        1375.9
07          3      250690.9
07          4        1375.9
07          5      250632.1

08          1        2004.0
08          2        1375.9

datapath   port   port-speed(B/s)
01          1      273332.7
01          2           0.0
01          3        2632.1
01          4        1374.5
01          5      252635.1
01          6        2002.0

02          1        2632.1
02          2        2004.0

03          1        2004.0
03          2        1316.1

04          1      252449.2
04          2      254834.7

05          1      255088.7
05          2      251441.7

06          1      251441.7
06          2      253519.9

07          1        1316.1
07          2        1375.9
07          3      253838.5
07          4        1253.2
07          5      249122.6

08          1        2002.0
08          2        1252.0

datapath   port   port-speed(B/s)
01          1      267432.3
01          2          59.8
01          3        2629.5
01          4        1374.5
01          5      255462.2
01          6        2002.0

02          1        2629.5
02          2        2002.0

03          1        2000.0
03          2        1373.1

04          1      255396.4
04          2      253261.0

05          1      253261.0
05          2      255589.6

06          1      255335.3
06          2      252006.0

07          1        1373.1
07          2        1373.1
07          3      251755.2
07          4        1313.4
07          5      247186.1

08          1        2002.0
08          2        1314.7

datapath   port   port-speed(B/s)
01          1      262512.0
01          2          60.0
01          3        2577.4
01          4        1197.0
01          5      254847.0
01          6        2010.0

02          1        2580.0
02          2        2010.0

03          1        2010.0
03          2        1380.0

04          1      255102.1
04          2      253022.0

05          1      253022.0
05          2      252514.5

06          1      252514.5
06          2      251883.9

07          1        1381.4
07          2        1198.2
07          3      251883.9
07          4        1381.4
07          5      251569.6

08          1        2010.0
08          2        1380.0

datapath   port   port-speed(B/s)
01          1      260023.9
01          2          59.8
01          3        2572.3
01          4        1374.5
01          5      252553.8
01          6        1942.2

02          1        2569.7
02          2        2002.0

03          1        2004.0
03          2        1374.5

04          1      255249.8
04          2      254622.9

05          1      254622.9
05          2      253867.7

06          1      253930.3
06          2      253369.2

07          1        1374.5
07          2        1373.1
07          3      253369.2
07          4        1374.5
07          5      248668.7

08          1        1942.2
08          2        1374.5

datapath   port   port-speed(B/s)
01          1      263260.7
01          2          59.5
01          3        2616.5
01          4        1367.7
01          5      254196.2
01          6        1992.1

02          1        2616.5
02          2        1932.6

03          1        1932.6
03          2        1369.0

04          1      252950.1
04          2      253808.4

05          1      255111.0
05          2      251551.0

06          1      251488.6
06          2      253799.8

07          1        1366.3
07          2        1430.1
07          3      253799.8
07          4        1366.3
07          5      249123.9

08          1        1992.1
08          2        1367.7

datapath   port   port-speed(B/s)
01          1      265760.8
01          2          60.1
01          3        2642.6
01          4        1381.4
01          5      255120.1
01          6        1952.0

02          1        2642.6
02          2        2012.0

03          1        2010.0
03          2        1380.0

04          1      253476.1
04          2      254435.4

05          1      253124.1
05          2      252370.4

06          1      252370.4
06          2      251859.9

07          1        1385.5
07          2        1322.3
07          3      252618.5
07          4        1385.5
07          5      249395.6

08          1        1948.1
08          2        1378.6

datapath   port   port-speed(B/s)
01          1      274432.2
01          2          59.3
01          3        2611.3
01          4        1365.0
01          5      253800.2
01          6        1988.1

02          1        2611.3
02          2        1928.8

03          1        1930.7
03          2        1306.9

04          1      256918.8
04          2      253303.0

05          1      253303.0
05          2      255480.7

06          1      255796.0
06          2      252180.2

07          1        1314.7
07          2        1374.5
07          3      250671.3
07          4        1311.8
07          5      249051.8

08          1        1994.0
08          2        1369.0

datapath   port   port-speed(B/s)
01          1      286882.6
01          2          60.2
01          3        2584.8
01          4        1384.2
01          5      257189.6
01          6        2016.0

02          1        2584.8
02          2        2016.0

03          1        2012.0
03          2        1381.4

04          1      254218.7
04          2      254975.9

05          1      254975.9
05          2      251625.5

06          1      251376.1
06          2      253655.0

07          1        1369.0
07          2        1369.0
07          3      253890.9
07          4        1372.0
07          5      249388.9

08          1        2010.0
08          2        1320.0

datapath   port   port-speed(B/s)
01          1      296573.1
01          2           0.0
01          3        2626.9
01          4        1373.1
01          5      253516.4
01          6        2000.0

02          1        2634.7
02          2        2006.0

03          1        2004.0
03          2        1316.1

04          1      254021.9
04          2      252072.8

05          1      252072.8
05          2      254460.6

06          1      254648.7
06          2      251129.7

07          1        1320.0
07          2        1380.0
07          3      251566.0
07          4        1257.0
07          5      251318.0

08          1        2010.0
08          2        1257.0

datapath   port   port-speed(B/s)
01          1      310610.8
01          2          59.9
01          3        2574.9
01          4        1317.4
01          5      252953.1
01          6        1943.1

02          1        2567.2
02          2        2000.0

03          1        2004.0
03          2        1375.9

04          1      252198.0
04          2      254581.1

05          1      254581.1
05          2      253831.8

06          1      253579.5
06          2      253075.5

07          1        1373.1
07          2        1312.1
07          3      253141.2
07          4        1371.8
07          5      248379.7

08          1        1933.5
08          2        1370.4

datapath   port   port-speed(B/s)
01          1      331429.1
01          2          59.9
01          3        2574.9
01          4        1317.4
01          5      255780.4
01          6        2006.0

02          1        2574.9
02          2        2004.0

03          1        2006.0
03          2        1377.2

04          1      255780.4
04          2      253706.6

05          1      253453.6
05          2      252951.1

06          1      253203.6
06          2      252509.0

07          1        1375.9
07          2        1317.4
07          3      252509.0
07          4        1377.2
07          5      247926.1

08          1        2010.0
08          2        1380.0

datapath   port   port-speed(B/s)
01          1      345585.7
01          2          59.8
01          3        2629.5
01          4        1374.5
01          5      253765.9
01          6        1942.2

02          1        2629.5
02          2        2004.0

03          1        2004.0
03          2        1375.9

04          1      253828.7
04          2      254900.4

05          1      255154.5
05          2      251444.7

06          1      251444.7
06          2      253832.5

07          1        1375.9
07          2        1375.9
07          3      253832.5
07          4        1375.9
07          5      250566.3

08          1        1944.2
08          2        1374.5

datapath   port   port-speed(B/s)
01          1      379481.0
01          2          60.0
01          3        2574.4
01          4        1317.0
01          5      256172.0
01          6        1887.0

02          1        2577.0
02          2        1950.0

03          1        1948.1
03          2        1378.6

04          1      256428.4
04          2      253016.0

05          1      253016.0
05          2      255290.3

06          1      255290.3
06          2      251883.9

07          1        1380.0
07          2        1317.0
07          3      251632.0
07          4        1380.0
07          5      249810.0

08          1        1885.1
08          2        1380.0

datapath   port   port-speed(B/s)
01          1      382175.1
01          2          59.7
01          3        2629.5
01          4        1373.1
01          5      252010.0
01          6        1937.3

02          1        2626.9
02          2        2000.0

03          1        2000.0
03          2        1313.4

04          1      251825.0
04          2      252763.4

05          1      252763.4
05          2      252259.4

06          1      252008.9
06          2      254262.2

07          1        1313.4
07          2        1371.8
07          3      251570.6
07          4        1373.1
07          5      250133.3

08          1        1996.0
08          2        1370.4

datapath   port   port-speed(B/s)
01          1      756865.7
01          2          59.7
01          3        2626.9
01          4        1373.1
01          5      250881.6
01          6      517724.4

02          1        2626.9
02          2        1940.3

03          1        1942.2
03          2        1374.5

04          1      248736.3
04          2      249604.4

05          1      249355.3
05          2      248469.1

06          1      248717.3
06          2      244808.2

07          1        1377.2
07          2        1378.6
07          3      247767.2
07          4      505314.4
07          5      732495.0

08          1      519211.6
08          2      506397.8

datapath   port   port-speed(B/s)
01          1      893285.4
01          2           0.0
01          3        2634.7
01          4        1377.2
01          5      245545.9
01          6      638567.9

02          1        2634.7
02          2        2006.0

03          1        2006.0
03          2        1317.4

04          1      247819.9
04          2      247381.1

05          1      247627.5
05          2      243807.0

06          1      243807.0
06          2      246067.7

07          1        1310.8
07          2        1370.4
07          3      245578.9
07          4      637936.4
07          5      880520.4

08          1      640323.7
08          2      638893.3

datapath   port   port-speed(B/s)
01          1      887772.7
01          2          59.8
01          3        2569.3
01          4        1316.1
01          5      248251.2
01          6      640982.1

02          1        2569.3
02          2        1941.2

03          1        1941.2
03          2        1375.9

04          1      248004.0
04          2      246119.5

05          1      246119.5
05          2      248630.1

06          1      248630.1
06          2      245108.7

07          1        1378.6
07          2        1318.7
07          3      245598.4
07          4      641918.1
07          5      879954.0

08          1      639303.7
08          2      638321.4

datapath   port   port-speed(B/s)
01          1      892878.5
01          2          59.8
01          3        2569.7
01          4        1314.7
01          5      225520.9
01          6      638859.6

02          1        2569.7
02          2        2002.0

03          1        2002.0
03          2        1374.5

04          1      225520.9
04          2      229866.5

05          1      229866.5
05          2      235199.2

06          1      234965.2
06          2      243180.1

07          1        1374.5
07          2        1314.7
07          3      243422.3
07          4      636661.4
07          5      881352.6

08          1      638146.3
08          2      639548.8

datapath   port   port-speed(B/s)
01          1      667939.2
01          2          59.8
01          3        2572.3
01          4        1375.9
01          5        3137.6
01          6      628104.7

02          1        2572.3
02          2        1941.2

03          1        1941.2
03          2        1375.9

04          1        3137.6
04          2        2632.1

05          1        2632.1
05          2        2004.0

06          1        2004.0
06          2        1375.9

07          1        1375.9
07          2        1374.5
07          3        1374.5
07          4      628198.2
07          5      626362.5

08          1      628104.7
08          2      628824.5

datapath   port   port-speed(B/s)
01          1      653669.0
01          2          59.8
01          3        2632.1
01          4        1375.9
01          5        3260.2
01          6      630265.2

02          1        2632.1
02          2        1944.2

03          1        1942.2
03          2        1374.5

04          1        3260.2
04          2        2569.3

05          1        2632.1
05          2        2004.0

06          1        2004.0
06          2        1375.9

07          1        1375.9
07          2        1375.9
07          3        1375.9
07          4      626806.6
07          5      625184.4

08          1      630331.0
08          2      626806.6

datapath   port   port-speed(B/s)
01          1      668691.9
01          2          59.8
01          3        2629.5
01          4        1375.9
01          5        3197.2
01          6      627365.9

02          1        2629.5
02          2        2002.0

03          1        2004.0
03          2        1316.1

04          1        3200.4
04          2        2632.1

05          1        2566.7
05          2        1942.2

06          1        1944.2
06          2        1375.9

07          1        1314.7
07          2        1375.9
07          3        1375.9
07          4      629562.3
07          5      626424.7

08          1      627300.1
08          2      629625.1

datapath   port   port-speed(B/s)
01          1      685661.4
01          2          59.8
01          3        2632.1
01          4        1374.5
01          5        3260.2
01          6      626612.5

02          1        2632.1
02          2        1944.2

03          1        1944.2
03          2        1375.9

04          1        3257.0
04          2        2569.7

05          1        2572.3
05          2        2004.0

06          1        2002.0
06          2        1314.7

07          1        1375.9
07          2        1375.9
07          3        1316.1
07          4      626672.0
07          5      623471.6

08          1      629562.7
08          2      626047.8

datapath   port   port-speed(B/s)
01          1      704063.8
01          2          59.8
01          3        2632.1
01          4        1375.9
01          5        3260.2
01          6      628815.6

02          1        2632.1
02          2        2004.0

03          1        2002.0
03          2        1314.7

04          1        3260.2
04          2        2632.1

05          1        2629.5
05          2        2002.0

06          1        2004.0
06          2        1316.1

07          1        1314.7
07          2        1374.5
07          3        1252.0
07          4      629004.0
07          5      622850.6

08          1      625862.4
08          2      626678.0

datapath   port   port-speed(B/s)
01          1      727029.9
01          2           0.0
01          3        2629.5
01          4        1374.5
01          5        3257.0
01          6      629562.7

02          1        2629.5
02          2        2002.0

03          1        2004.0
03          2        1374.5

04          1        3257.0
04          2        2504.0

05          1        2506.5
05          2        1944.2

06          1        1942.2
06          2        1311.8

07          1        1375.9
07          2        1374.5
07          3        1374.5
07          4      627496.0
07          5      625866.5

08          1      629562.7
08          2      627496.0

datapath   port   port-speed(B/s)
01          1      748409.6
01          2          59.9
01          3        2514.5
01          4        1258.7
01          5        3266.7
01          6      628490.5

02          1        2514.5
02          2        2008.0

03          1        1943.1
03          2        1252.7

04          1        3270.0
04          2        2640.0

05          1        2640.0
05          2        2010.0

06          1        2010.0
06          2        1380.0

07          1        1252.7
07          2        1260.0
07          3        1380.0
07          4      625590.0
07          5      623894.0

08          1      628490.5
08          2      627924.1

datapath   port   port-speed(B/s)
01          1      774233.1
01          2          59.8
01          3        2569.7
01          4        1374.5
01          5        3197.2
01          6      626549.8

02          1        2569.7
02          2        1939.2

03          1        2002.0
03          2        1374.5

04          1        3194.0
04          2        2567.2

05          1        2564.6
05          2        1998.0

06          1        2000.0
06          2        1373.1

07          1        1373.1
07          2        1373.1
07          3        1373.1
07          4      628437.8
07          5      625178.1

08          1      626549.8
08          2      629001.0

datapath   port   port-speed(B/s)
01          1      793316.7
01          2          59.8
01          3        2629.5
01          4        1374.5
01          5        3257.0
01          6      629628.5

02          1        2629.5
02          2        2002.0

03          1        2002.0
03          2        1374.5

04          1        3257.0
04          2        2629.5

05          1        2632.1
05          2        2004.0

06          1        2002.0
06          2        1311.8

07          1        1375.9
07          2        1375.9
07          3        1313.1
07          4      626609.2
07          5      623411.8

08          1      628376.7
08          2      627747.5

datapath   port   port-speed(B/s)
01          1      835580.3
01          2          59.8
01          3        2632.1
01          4        1313.1
01          5        3200.4
01          6      628564.3

02          1        2632.1
02          2        1944.2

03          1        1946.1
03          2        1377.2

04          1        3200.4
04          2        2632.1

05          1        2632.1
05          2        1944.2

06          1        1944.2
06          2        1375.9

07          1        1375.9
07          2        1375.9
07          3        1374.5
07          4      629625.1
07          5      626490.5

08          1      629820.2
08          2      627924.1

datapath   port   port-speed(B/s)
01          1      836187.3
01          2          59.8
01          3        2629.5
01          4        1374.5
01          5        3257.0
01          6      626549.8

02          1        2629.5
02          2        1942.2

03          1        1942.2
03          2        1314.7

04          1        3257.0
04          2        2569.7

05          1        2569.7
05          2        2002.0

06          1        2004.0
06          2        1375.9

07          1        1314.7
07          2        1311.8
07          3        1375.9
07          4      627621.5
07          5      622850.6

08          1      628314.1
08          2      626373.8

datapath   port   port-speed(B/s)
01          1      906455.6
01          2          59.8
01          3        2632.1
01          4        1377.2
01          5        3260.2
01          6      627174.5

02          1        2634.7
02          2        2006.0

03          1        2002.0
03          2        1374.5

04          1        3266.7
04          2        2637.4

05          1        2637.4
05          2        1943.1

06          1        1943.1
06          2        1257.5

07          1        1375.9
07          2        1375.9
07          3        1256.2
07          4      626612.2
07          5      624981.1

08          1      628361.6
08          2      627864.1

datapath   port   port-speed(B/s)
01          1      939384.5
01          2           0.0
01          3        2629.5
01          4        1373.1
01          5        3257.0
01          6      629443.2

02          1        2626.9
02          2        2000.0

03          1        2004.0
03          2        1316.1

04          1        3250.5
04          2        2624.3

05          1        2624.3
05          2        2000.0

06          1        2000.0
06          2        1373.1

07          1        1314.7
07          2        1374.5
07          3        1374.5
07          4      628938.2
07          5      625800.8

08          1      628191.8
08          2      627753.5

datapath   port   port-speed(B/s)
01          1      936559.8
01          2          59.8
01          3        2626.9
01          4        1314.7
01          5        3257.0
01          6      629565.7

02          1        2629.5
02          2        2002.0

03          1        1998.0
03          2        1371.8

04          1        3260.2
04          2        2632.1

05          1        2637.4
05          2        1885.1

06          1        1879.5
06          2        1374.5

07          1        1371.8
07          2        1312.1
07          3        1371.8
07          4      627813.1
07          5      624622.3

08          1      627240.3
08          2      628998.0

datapath   port   port-speed(B/s)
01          1      940198.4
01          2          59.8
01          3        2515.0
01          4        1316.1
01          5        3260.2
01          6      628558.3

02          1        2512.5
02          2        2004.0

03          1        2006.0
03          2        1377.2

04          1        3257.0
04          2        2569.7

05          1        2564.6
05          2        1996.0

06          1        2002.0
06          2        1374.5

07          1        1377.2
07          2        1317.4
07          3        1377.2
07          4      627297.4
07          5      624159.7

08          1      627998.0
08          2      626672.0

datapath   port   port-speed(B/s)
01          1      938877.4
01          2          59.8
01          3        2632.1
01          4        1375.9
01          5        3200.4
01          6      627051.8

02          1        2632.1
02          2        2004.0

03          1        2006.0
03          2        1377.2

04          1        3200.4
04          2        2569.3

05          1        2569.3
05          2        2006.0

06          1        2004.0
06          2        1375.9

07          1        1377.2
07          2        1377.2
07          3        1375.9
07          4      628808.4
07          5      624093.8

08          1      628238.8
08          2      627924.1

datapath   port   port-speed(B/s)
01          1      938578.1
01          2          59.7
01          3        2564.2
01          4        1373.1
01          5        3191.0
01          6      628688.6

02          1        2626.9
02          2        1940.3

03          1        1940.3
03          2        1373.1

04          1        3191.0
04          2        2626.9

05          1        2626.9
05          2        2000.0

06          1        2000.0
06          2        1373.1

07          1        1373.1
07          2        1371.8
07          3        1373.1
07          4      624868.8
07          5      623123.3

08          1      628754.2
08          2      626997.0

